YULEQEffect: [ 1.          1.04081633  1.08163265  1.12244898  1.16326531  1.20408163
  1.24489796  1.28571429  1.32653061  1.36734694  1.40816327  1.44897959
  1.48979592  1.53061224  1.57142857  1.6122449   1.65306122  1.69387755
  1.73469388  1.7755102   1.81632653  1.85714286  1.89795918  1.93877551
  1.97959184  2.02040816  2.06122449  2.10204082  2.14285714  2.18367347
  2.2244898   2.26530612  2.30612245  2.34693878  2.3877551   2.42857143
  2.46938776  2.51020408  2.55102041  2.59183673  2.63265306  2.67346939
  2.71428571  2.75510204  2.79591837  2.83673469  2.87755102  2.91836735
  2.95918367  3.        ]
YULEQSizeRatio: [1.0974987654930561, 7.742636826811272, 220.51307399030455, 559.08101825122287, 890.21508544503922, 1176.8119524349991, 1417.4741629268062, 1555.6761439304723, 1707.3526474706921, 1873.817422860385, 2056.5123083486537, 2257.0197196339213, 2477.0763559917114, 2477.0763559917114, 2718.5882427329429, 2718.5882427329429, 2718.5882427329429, 2983.6472402833401, 2983.6472402833401, 2983.6472402833401, 2983.6472402833401, 3274.5491628777318, 3274.5491628777318, 3274.5491628777318, 3274.5491628777318, 3274.5491628777318, 3593.8136638046294, 3593.8136638046294, 3593.8136638046294, 3593.8136638046294, 3593.8136638046294, 3593.8136638046294, 3593.8136638046294, 3593.8136638046294, 3944.2060594376599, 3944.2060594376599, 3944.2060594376599, 3944.2060594376599, 3944.2060594376599, 3944.2060594376599, 3944.2060594376599, 3944.2060594376599, 3944.2060594376599, 3944.2060594376599, 3944.2060594376599, 3944.2060594376599, 3944.2060594376599, 3944.2060594376599, 3944.2060594376599, 4328.7612810830615]
